6.410000000000000000e+02
2.900000000000000000e+02
6.950000000000000000e+02
1.020000000000000000e+02
2.140000000000000000e+02
9.900000000000000000e+01
2.140000000000000000e+02
3.950000000000000000e+02
3.510000000000000000e+02
4.610000000000000000e+02
1.950000000000000000e+02
4.440000000000000000e+02
4.070000000000000000e+02
8.190000000000000000e+02
1.270000000000000000e+02
5.790000000000000000e+02
7.610000000000000000e+02
9.100000000000000000e+01
1.350000000000000000e+02
5.490000000000000000e+02
3.790000000000000000e+02
5.580000000000000000e+02
3.340000000000000000e+02
6.250000000000000000e+02
6.220000000000000000e+02
4.730000000000000000e+02
4.640000000000000000e+02
5.190000000000000000e+02
3.220000000000000000e+02
4.020000000000000000e+02
3.940000000000000000e+02
3.480000000000000000e+02
2.620000000000000000e+02
2.300000000000000000e+02
1.640000000000000000e+02
1.560000000000000000e+02
6.700000000000000000e+01
4.600000000000000000e+01
