4.120432052834784642e+00 0.000000000000000000e+00
7.714055928729885991e-01 0.000000000000000000e+00
4.980070757505939305e+00 0.000000000000000000e+00
8.256972994880515393e-02 0.000000000000000000e+00
4.943355418249472666e-01 0.000000000000000000e+00
1.214484405157750663e-01 0.000000000000000000e+00
2.360763420871609952e-01 0.000000000000000000e+00
1.724207979273703284e+00 0.000000000000000000e+00
1.159481281847966283e+00 0.000000000000000000e+00
1.591033779829916783e+00 0.000000000000000000e+00
1.244825397004535456e-01 0.000000000000000000e+00
5.359999741429779530e-01 0.000000000000000000e+00
1.808556599490859895e+00 0.000000000000000000e+00
9.077628606574110748e+00 2.133450956661870099e-312
1.293498627197937900e-01 0.000000000000000000e+00
3.354052719973865226e+00 0.000000000000000000e+00
5.532760371995526505e+00 1.333259355564140325e-01
6.313081429291139690e-02 0.000000000000000000e+00
3.974807239876923526e-02 0.000000000000000000e+00
3.840143484039654886e+00 4.731973207705991342e-30
1.824795438644217560e+00 8.444327214393775534e-199
2.984354343111909724e+00 2.332369027390556182e-01
9.981256816980662583e-01 5.074537862401438289e-125
2.247595800582771197e+00 3.745511591088484860e+00
1.175666226920258683e+00 4.521467902286505414e+00
1.619247263852039154e-01 3.632625013352353882e+00
3.430223244103860862e-03 8.271376962501941321e+00
2.482288601287444773e-197 7.854305116189609137e+00
2.786943936040801536e-95 1.786738635028081390e+00
0.000000000000000000e+00 7.352655277961182456e+00
0.000000000000000000e+00 6.520783654296623766e+00
0.000000000000000000e+00 5.446465629493718374e+00
0.000000000000000000e+00 1.054455107850557738e+00
0.000000000000000000e+00 1.667204056817677804e+00
0.000000000000000000e+00 7.923265435794727418e-01
0.000000000000000000e+00 2.324902449864308662e-01
0.000000000000000000e+00 2.275849389641536602e-01
0.000000000000000000e+00 3.366270289695776768e-02
